"lea_name","year","attendance","pct_change"
"allegany",2020,52,NA
"allegany",2021,60,15.3846153846154
"allegany",2022,95,58.3333333333333
"allegany",2023,77,-18.9473684210526
"allegany",2024,95,23.3766233766234
"allegany",2025,133,40
"allegany",2026,148,11.2781954887218
"anne arundel",2020,14530,NA
"anne arundel",2021,14919,2.67721954576738
"anne arundel",2022,15698,5.22152959313626
"anne arundel",2023,17045,8.58071091858836
"anne arundel",2024,17911,5.08066881783513
"anne arundel",2025,18969,5.90698453464351
"anne arundel",2026,18941,-0.147609257209136
"baltimore city",2020,10414,NA
"baltimore city",2021,10802,3.725753792971
"baltimore city",2022,11995,11.0442510646177
"baltimore city",2023,12880,7.37807419758232
"baltimore city",2024,13951,8.31521739130434
"baltimore city",2025,15281,9.5333667837431
"baltimore city",2026,15302,0.13742556115437
"baltimore county",2020,13650,NA
"baltimore county",2021,13746,0.703296703296696
"baltimore county",2022,15490,12.6873272224647
"baltimore county",2023,16946,9.39961265332472
"baltimore county",2024,18339,8.22022896258705
"baltimore county",2025,19748,7.68307977534217
"baltimore county",2026,20050,1.52926878671258
"calvert",2020,1028,NA
"calvert",2021,1027,-0.0972762645914393
"calvert",2022,1174,14.3135345666991
"calvert",2023,1289,9.79557069846677
"calvert",2024,1301,0.93095422808378
"calvert",2025,1301,0
"calvert",2026,1355,4.15065334358187
"caroline",2020,932,NA
"caroline",2021,923,-0.965665236051505
"caroline",2022,992,7.47562296858071
"caroline",2023,1059,6.75403225806452
"caroline",2024,1133,6.98772426817753
"caroline",2025,1205,6.35481023830538
"caroline",2026,1250,3.73443983402491
"carroll",2020,1772,NA
"carroll",2021,1811,2.20090293453725
"carroll",2022,1950,7.67531750414137
"carroll",2023,2157,10.6153846153846
"carroll",2024,2285,5.93416782568381
"carroll",2025,2395,4.81400437636761
"carroll",2026,2429,1.41962421711901
"cecil",2020,1190,NA
"cecil",2021,1212,1.84873949579831
"cecil",2022,1285,6.02310231023102
"cecil",2023,1406,9.41634241245137
"cecil",2024,1508,7.25462304409672
"cecil",2025,1623,7.62599469496021
"cecil",2026,1651,1.72520024645717
"charles",2020,2708,NA
"charles",2021,2836,4.72673559822747
"charles",2022,3184,12.2708039492243
"charles",2023,3587,12.6570351758794
"charles",2024,3826,6.66294954000557
"charles",2025,4263,11.4218504966022
"charles",2026,4335,1.68895144264603
"dorchester",2020,426,NA
"dorchester",2021,447,4.92957746478873
"dorchester",2022,458,2.46085011185682
"dorchester",2023,532,16.1572052401747
"dorchester",2024,583,9.58646616541354
"dorchester",2025,638,9.43396226415094
"dorchester",2026,666,4.38871473354232
"frederick",2020,7874,NA
"frederick",2021,8175,3.82270764541528
"frederick",2022,9005,10.1529051987768
"frederick",2023,9651,7.17379233759023
"frederick",2024,10048,4.1135633613097
"frederick",2025,10371,3.21457006369428
"frederick",2026,10309,-0.597820846591457
"garrett",2020,12,NA
"garrett",2021,23,91.6666666666667
"garrett",2022,35,52.1739130434783
"garrett",2023,37,5.71428571428572
"garrett",2024,36,-2.7027027027027
"garrett",2025,42,16.6666666666667
"garrett",2026,45,7.14285714285714
"harford",2020,2989,NA
"harford",2021,2965,-0.802944128471061
"harford",2022,3239,9.24114671163576
"harford",2023,3401,5.00154368632293
"harford",2024,3532,3.85180829167893
"harford",2025,3760,6.45526613816534
"harford",2026,3784,0.638297872340421
"howard",2020,7061,NA
"howard",2021,7131,0.991360997025925
"howard",2022,7505,5.24470621231243
"howard",2023,7860,4.73017988007995
"howard",2024,8017,1.99745547073791
"howard",2025,8234,2.70674816015966
"howard",2026,8171,-0.765120233179495
"kent",2020,175,NA
"kent",2021,181,3.42857142857143
"kent",2022,201,11.0497237569061
"kent",2023,209,3.98009950248757
"kent",2024,215,2.87081339712918
"kent",2025,226,5.11627906976744
"kent",2026,241,6.63716814159292
"montgomery",2020,53586,NA
"montgomery",2021,52621,-1.80084350390027
"montgomery",2022,52853,0.440888618612334
"montgomery",2023,55563,5.12742890658997
"montgomery",2024,56478,1.64677933156956
"montgomery",2025,56716,0.421403024186406
"montgomery",2026,54883,-3.23189223499541
"prince georges",2020,49603,NA
"prince georges",2021,47977,-3.27802753865694
"prince georges",2022,48171,0.404360422702554
"prince georges",2023,51549,7.01251790496358
"prince georges",2024,52606,2.05047624590196
"prince georges",2025,54455,3.51480819678365
"prince georges",2026,54297,-0.290147828482235
"queen annes",2020,730,NA
"queen annes",2021,760,4.10958904109588
"queen annes",2022,854,12.3684210526316
"queen annes",2023,891,4.33255269320842
"queen annes",2024,957,7.40740740740742
"queen annes",2025,1030,7.62800417972831
"queen annes",2026,1052,2.1359223300971
"saint marys",2020,1360,NA
"saint marys",2021,1305,-4.04411764705882
"saint marys",2022,1350,3.44827586206897
"saint marys",2023,1426,5.62962962962963
"saint marys",2024,1541,8.06451612903225
"saint marys",2025,1624,5.3861129136924
"saint marys",2026,1682,3.57142857142858
"seed",2020,11,NA
"seed",2021,0,-100
"seed",2022,0,NA
"seed",2023,0,NA
"seed",2024,0,NA
"seed",2025,0,NA
"seed",2026,10,Inf
"somerset",2020,253,NA
"somerset",2021,273,7.90513833992095
"somerset",2022,287,5.12820512820513
"somerset",2023,284,-1.04529616724739
"somerset",2024,299,5.28169014084507
"somerset",2025,304,1.67224080267558
"somerset",2026,314,3.28947368421053
"talbot",2020,1029,NA
"talbot",2021,1011,-1.74927113702624
"talbot",2022,1088,7.6162215628091
"talbot",2023,1137,4.50367647058822
"talbot",2024,1190,4.6613896218118
"talbot",2025,1232,3.52941176470589
"talbot",2026,1208,-1.94805194805194
"washington",2020,2504,NA
"washington",2021,2630,5.03194888178913
"washington",2022,2905,10.4562737642586
"washington",2023,3266,12.4268502581756
"washington",2024,3606,10.4102878138396
"washington",2025,4011,11.2312811980033
"washington",2026,4229,5.43505360259287
"wicomico",2020,1704,NA
"wicomico",2021,1681,-1.34976525821596
"wicomico",2022,1876,11.6002379535991
"wicomico",2023,2092,11.5138592750533
"wicomico",2024,2212,5.73613766730401
"wicomico",2025,2352,6.32911392405062
"wicomico",2026,2302,-2.12585034013606
"worcester",2020,539,NA
"worcester",2021,558,3.52504638218925
"worcester",2022,559,0.179211469534057
"worcester",2023,576,3.04114490161003
"worcester",2024,572,-0.694444444444442
"worcester",2025,640,11.8881118881119
"worcester",2026,602,-5.9375
